0.8333333333333333
0.33333333333333337
0.16400676603928305
0.13825953630748333
0.11816565381074812
0.1161070311885038
0.07347091947371098
0.07399355042644645
0.0706665401613431
0.062331132479688856
0.05968814970127129
0.06340255989187982
0.07612030357847044
0.07049763526674874
0.055129604022131073
0.043246020077632286
0.04079469441321015
0.03189112631430824
0.023638016464455958
0.016817354882716073
0.019971302135969538
0.03127601889083037
0.03175148062704469
0.024799520453859303
0.02573109578230659
0.046126309136440447
0.05144734775975418
0.037809279156880315
0.033595842328826286
0.028983342035958037
