0.8333333302289248
0.394444281261754
0.27224788976524644
0.18342189681028154
0.16195650369233539
0.13639132291751732
0.10606255585982688
0.09132661222479826
0.07354691911987365
0.0792150294880426
0.09959615704590463
0.08764758756100666
0.07325929798428726
0.05786073156406424
0.625
0.29166666666666663
0.29166666666666663
0.25
0.16666666666666669
0.1333333333333333
0.33333333333333337
0.33333333333333337
0.33333333333333337
0.8333333333333333
0.43892779041930285
0.3366722501085387
0.21559699260286702
0.1365638178170152
0.2032282748006206
0.10689965726933975
0.07875350985337187
0.11679239681817183
0.09025259428179139
0.0717171562947112
0.06856604321804599
0.05108096468971496
0.06666253974496417
0.07418075264924862
0.054383280970057235
0.059944082728810244
0.04931908427008175
10.621833840058834
7.963101081016084
7.491316020789521
7.1802430804971085
6.921858534404856
5.206250000000001
6.145772966416857
4.359005138694027
3.7857852084668284
3.236636430809422
0.8333333302289248
0.3095238129830077
0.20764201031360585
0.23800763518259765
0.14967817969751324
0.13018272488346427
0.09629000649637043
0.08450484140408032
0.08612329367403282
0.07591668875680979
0.06595394293484985
0.06939674293885245
0.05537107123876295
0.06267391777669257
0.03634643341126287
0.0618405868507923
0.06987279648749728
0.08006050682799576
0.07100720303798003
0.07053734788710342
0.06468382531128825
0.05536188755973509
0.04899403980980904
0.041348820303132916
0.040717696717870455
0.03304328978054183
0.7666666666666668
0.6607142857142857
0.6666666666666666
0.6666666666666666
0.6666666666666666
0.4166666666666667
0.4166666666666667
0.4166666666666667
0.4166666666666667
0.4166666666666667
0.4166666666666667
1.1641156462583213
0.6855959378057772
0.5207852447039272
0.378572317484322
0.31081680410360474
0.2500265485566084
0.2532854602260523
0.2008510640218592
0.20975625673318446
5.204883450650648
5.4626483920485285
4.4707113412921355
3.97780677260525
3.46498209034077
2.942207411337418
2.8344130903656573
2.5829905810166673
2.3804535304829426
2.124773183209016
1.9844692894115001
1.828745582132358
1.5987130697851035
1.4405418196886937
1.2835274397161713
1.1876836967701203
1.0857366496210163
1.0642172636482705
1.040586589194308
0.9943461096620269
0.9270833333333333
0.587201322417672
0.4635001165073402
0.3394251771106739
0.2825075643608832
0.2842917220671021
0.2564295903500704
0.21207397960222008
0.2043940209844634
0.1762059650835234
0.15228136927034266
0.1329758511509127
0.11881644618518705
