0.7499999959642687
0.6018062294765285
0.33333332843257824
0.18823823470167078
0.1729754640718602
0.14884128777080718
0.1105507556041756
0.0926820599706365
0.12574187106134954
0.10489968264415128
0.08820311200369468
0.07686680079339231
0.07510702503207872
0.07156055967744551
0.06647002765855015
0.06608574800776001
0.0747893742279857
0.05960384599859059
0.06486149125675017
0.05573324862661394
0.04886889303329223
0.0526945563243954
0.04905284287219064
0.04145143230931109
0.03293129459527766
0.03747827664479547
0.03277725441037099
0.03773273812068656
0.037738427155822596
0.034272102237993596