0.7499999999999999
0.527044501421805
0.3085222909475032
0.24780758928780233
0.1736529140102312
0.17490657956929295
0.13708419304632313
0.11833574073787473
0.12398509943601127
0.09456091566872576
0.10390078715310114
0.08119830520447041
0.07284180640632054
0.07197057468038259
0.07315525720137017
0.06728553626350908
0.056147039405791466
0.0562245107881546
0.047434458281536085
0.058348163776588136
0.05281881125176757
0.05102074477043117
0.044606340753313656
0.04508791222480102
0.04108309004372562
0.04650391120202685
0.044931951140446846
0.043239248238510386
0.039595089731614574
0.03287729059969152
