11.282798615427753
8.594261667610247
8.200800477578412
8.224738573243913
7.097165829657086
6.0281235146362615
5.308923186529804
4.856114064448811
4.409428349079425
4.074549217194665
4.171282814009779
4.24883052023374
4.120063648831332
3.7431462887147946
4.16150344156279
4.290567088695734
3.8915747868237
3.9701116676071164
3.917912634775164
3.676436408247386
2.9459594830294846
2.8789073470634206
3.030173424200493
3.5987823583197747
4.0490914004735234
4.291078515925835
4.106716313306017
4.215296949908065
4.1184125033273205
4.178130481405848
