12.348743332260138
8.923809427841423
7.305225855346335
6.353659868604905
5.92283859296093
5.668263398581251
4.879195877641706
4.250137491452896
3.8055002125673854
3.862903868951337
3.6687965464239793
3.3719149277695095
3.3854023348757867
3.185579328608078
3.1339913066499574
3.171546356917814
3.1180049305386635
3.3841394258354223
3.4923170502442424
3.5266243968005933
3.014485230348596
2.819614247410642
2.5358925517693782
2.5130199145993624
3.056626394840109
3.283469391357972
3.651497783168057
3.731392704540701
3.7719356566663618
3.739772154581292
