0.8333333302289248
0.3805310844388474
0.24817236627909378
0.23208990311213706
0.1538320220289517
0.10350804064326219
0.06763755604921429
0.07039092201904529
0.10844913041644733
0.07418060642432689
0.09411585431412883
0.07129131506549152
0.060063544307861316
0.0443134561285074
0.04509124003956694
0.049186994411985874
0.04071073630635991
0.034722693296298124
0.03170641914191724
0.032794585636221285
0.02089030149939275
0.03115258888508826
0.0375186470227013
0.040118379056145015
0.029544999970251895
0.02984716236352508
0.027172844205704205
0.021977307148758396
0.022012108926497187
0.026009056674022535

